4.127730342146983
11.988573971050606
18.61476719504953
6.520379585141837
6.052083268862825
53.64881936076663
5.059184335143014
17.101541148146683
8.33296310814811
7.944378693437618
8.744376201261389
5.813336536912724
5.90182102553289
7.199610455208588
13.95827514858236
7.082849634279192
8.029161842640367
11.608976001833861
6.460336757255794
7.604876658188073
10.540291055734441
6.554664970451631
8.293016308143603
14.063173386505293
6.485287893297835
6.677382016889501
8.839766828283485
4.934923151223268
12.2116804285023
10.976083836057294
9.317852875457325
9.317297921285984
5.800085009390764
8.301754264722884
16.086030275018807
13.410322721636703
6.525683607185066
5.470458531753886
-119.102921820266
3.4737662044987445
10.473127659220566
8.962211577496472
9.935842968557127
32.011541372684924
3.967746672512111
9.61109739324738
6.298645202216327
2.1815439923687903
10.001138326198369
9.379962701546791
12.310742839619913
4.5611226349897915
8.853585898868861
1.0
7.0004240004294
-9.427745833977621
12.22880229590508
10.484421522480364
6.586981133386291
8.808988352282645
7.057055516531781
11.167996380144434
8.772457334528527
6.240323210791343
12.46620147987814
6.589071877675669
5.81619910298973
6.800423046635018
5.98938824468614
8.78333179506654
11.880880481590598
30.27226909720178
5.233794004749074
11.561010778587383
7.63345659705463
27.592281759920034
4.548543278283935
14.595213529238322
7.923014843883332
-58.62218221854761
24.355692736221812
1.0
6.778900457222929
7.428226552800202
8.566636254745067
10.63185051898105
8.930053261959142
4.7779138511785195
17.382983896424495
9.939749313822533
9.506349396876383
10.291756516763405
8.205310400382078
13.016836829557628
20.601312262703786
15.34222366069971
1.0
5.033990293018867
6.5838206536850405
8.274134785086906
